-20 -0.001767
-19 -0.001420
-18 -0.002035
-17 -0.001195
-16 -0.001929
-15 -0.002204
-14 -0.000034
-13 -0.001995
-12 -0.000948
-11 -0.002944
-10 -0.003556
-9 -0.003924
-8 -0.004179
-7 -0.002407
-6 -0.001584
-5 -0.003022
-4 -0.000526
-3 0.000052
-2 -0.001349
-1 -0.000550
0 0.020118
1 0.028018
2 0.029304
3 0.026897
4 0.026777
5 0.025970
6 0.024410
7 0.024669
8 0.024416
9 0.022831
10 0.023712
11 0.024570
12 0.023745
13 0.022194
14 0.022501
15 0.022363
16 0.021790
17 0.021922
18 0.021650
19 0.022153
20 0.021088
