0 -0.000342
1 -0.000935
2 -0.000444
3 0.000662
4 0.003135
5 0.002664
6 0.002318
7 0.002386
8 0.002144
9 0.001655
10 0.000591
11 0.000737
12 -0.000811
13 -0.001521
14 -0.002990
15 -0.003295
16 -0.000738
17 -0.002470
18 -0.003202
19 -0.003538
20 -0.003731
21 -0.003309
22 -0.004952
23 -0.004078
24 -0.005272
25 -0.004270
26 -0.004436
27 -0.005057
28 -0.005136
29 -0.004997
30 -0.000529
31 0.002969
32 0.002518
33 0.003547
34 0.002060
35 0.002197
36 0.003269
37 0.002874
38 0.002689
39 0.000527
40 0.001672
41 0.002714
42 0.003575
43 0.004771
44 0.004320
45 0.004297
46 0.005671
47 0.005321
48 0.006470
49 0.005941
50 0.004743
51 0.003783
52 0.003460
53 0.003573
54 0.003925
55 0.004012
56 0.002993
57 0.002247
58 0.002149
59 0.002676
60 0.003069
