-20 -0.001064
-19 -0.000919
-18 -0.002467
-17 -0.003177
-16 -0.004645
-15 -0.004950
-14 -0.002394
-13 -0.004126
-12 -0.004857
-11 -0.005193
-10 -0.005387
-9 -0.004964
-8 -0.006608
-7 -0.005733
-6 -0.006927
-5 -0.005925
-4 -0.006092
-3 -0.006712
-2 -0.006791
-1 -0.006653
0 -0.002185
1 0.001313
2 0.000862
3 0.001891
4 0.000405
5 0.000542
6 0.001613
7 0.001219
8 0.001034
9 -0.001129
10 0.000017
11 0.001059
12 0.001920
13 0.003116
14 0.002664
15 0.002641
16 0.004014
17 0.003665
18 0.004814
19 0.004285
20 0.003087
