-20 -0.001619
-19 -0.002651
-18 -0.003740
-17 -0.003745
-16 -0.006105
-15 -0.007529
-14 -0.008720
-13 -0.008506
-12 -0.009128
-11 -0.010444
-10 -0.010035
-9 -0.007636
-8 -0.005230
-7 -0.005035
-6 -0.005304
-5 -0.006012
-4 -0.006294
-3 -0.007536
-2 -0.007637
-1 -0.006669
0 -0.018223
1 -0.025046
2 -0.026312
3 -0.026503
4 -0.027477
5 -0.029004
6 -0.029937
7 -0.030764
8 -0.031977
9 -0.032125
10 -0.034025
11 -0.034291
12 -0.034529
13 -0.034437
14 -0.037167
15 -0.037563
16 -0.039463
17 -0.039144
18 -0.040543
19 -0.041059
20 -0.040562
